14,35
14,34
14,33
14,32
14,31
14,30
14,29
14,28
14,27
14,26
14,25
14,24
14,23
14,22
14,21
14,20
14,19
14,18
14,17
14,16
14,15
14,14
14,13
14,12
14,11
14,10
14,9
14,5
14,4
14,2
12,7
12,6
12,5
12,4
12,3
12,1
12,0
11,4
11,3
11,1
11,0
10,4
10,3
10,1
10,0
9,5
9,4
9,3
9,1
9,0
8,4
8,3
8,1
8,0
7,4
7,3
7,1
7,0
6,5
6,4
6,3
6,2
6,1
6,0
5,4
5,3
5,1
5,0
4,3
4,2
4,1
4,0
3,6
3,5
3,4
3,3
3,2
3,1
3,0
2,5
2,4
2,3
2,2
2,1
2,0
1,3
1,2
1,1
1,0
0,443
0,442
0,437
0,436
0,429
0,408
0,375
0,360
0,357
0,351
0,348
0,345
0,342
0,323
0,322
0,319
0,316
0,301
0,243
14,1
14,69
14,3
14,0
0,9
0,310
0,305
0,308
0,304
0,303
0,302
0,307
0,12
0,10
0,8
0,0
0,349
0,300
0,432
0,299
0,306
0,298
0,439
0,297
0,382
0,296
0,447
0,295
0,427
0,294
0,433
0,293
0,425
0,292
0,424
0,291
0,391
0,290
0,422
0,289
0,347
0,288
0,381
0,287
0,378
0,286
0,336
0,285
0,387
0,284
0,394
0,283
0,415
0,282
0,377
0,281
0,413
0,280
0,412
0,279
0,376
0,278
0,277
0,409
0,276
14,36
14,37
14,65
14,66
14,68
14,70
14,72
14,74
14,75
14,77
14,78
14,80
14,82
14,83
14,85
14,86
14,88
14,89
14,91
14,93
14,94
14,96
14,97
14,99
14,110
14,111
14,113
14,114
14,116
14,117
14,119
14,121
14,122
14,124
14,125
14,127
14,129
14,130
14,132
14,133
14,135
14,136
14,138
14,140
14,141
14,143
14,144
14,146
14,148
14,149
14,151
14,152
14,154
14,156
14,157
14,159
14,160
14,162
14,163
14,165
14,167
14,168
14,170
14,171
14,173
14,175
14,176
14,178
14,179
14,181
14,182
14,184
14,186
14,187
14,189
14,190
14,192
14,194
14,195
14,197
14,199
14,201
14,202
14,204
14,206
14,207
14,209
14,210
14,212
14,214
14,215
14,217
14,218
14,220
14,222
14,223
14,225
14,226
14,228
14,229
14,231
14,233
14,234
14,236
14,237
14,239
14,241
14,242
14,244
14,245
14,247
14,248
14,250
14,252
14,253
14,255
14,256
14,258
14,260
14,261
14,263
14,264
15,1
15,2
15,4
15,6
15,7
15,9
15,10
15,12
15,14
15,15
15,17
15,18
15,20
15,21
15,23
15,25
15,26
15,28
15,29
15,31
15,33
15,34
15,36
15,37
15,65
15,67
15,68
15,70
15,71
15,73
15,74
15,76
15,78
15,79
16,0
16,1
16,3
16,5
16,6
16,8
16,9
16,11
16,12
16,15
16,17
16,18
16,19
16,16
16,14
16,10
16,7
16,4
16,2
15,80
15,77
15,75
15,72
15,69
15,66
15,64
15,35
15,32
15,30
15,27
15,24
15,22
15,19
15,16
15,13
15,11
15,8
15,5
15,3
15,0
14,262
14,259
14,257
14,254
14,251
14,249
14,246
14,243
14,240
14,238
14,235
14,232
14,230
14,227
14,224
14,221
14,219
14,216
14,213
14,211
14,208
14,205
14,203
14,200
14,196
14,193
14,191
14,188
14,185
14,183
14,180
14,177
14,174
14,172
14,169
14,166
14,164
14,161
14,158
14,155
14,153
14,150
14,147
14,145
14,142
14,139
14,137
14,134
14,131
14,128
14,126
14,123
14,120
14,118
14,115
14,112
14,109
14,98
14,95
14,92
14,90
14,87
14,84
14,81
14,79
14,76
14,73
14,71
14,67
14,64
0,407
0,275
0,384
0,274
0,368
0,273
0,406
0,272
0,405
0,271
0,385
0,270
0,352
0,269
0,364
0,268
0,431
0,267
0,266
0,359
0,265
0,332
0,264
0,395
0,263
0,411
0,262
0,380
0,261
0,392
0,260
0,430
0,259
0,361
0,258
0,389
0,257
0,393
0,256
0,369
0,255
0,386
0,254
0,354
0,253
0,404
0,252
0,383
0,251
0,331
0,250
0,328
0,249
0,338
0,248
0,374
0,247
0,441
0,246
0,343
0,245
0,334
0,244
0,242
0,446
0,241
0,337
0,240
0,402
0,239
0,341
0,238
0,370
0,237
0,388
0,236
0,362
0,235
0,325
0,234
0,416
0,233
0,363
0,232
0,356
0,231
0,327
0,230
0,324
0,229
0,400
0,228
0,227
0,321
0,226
0,420
0,225
0,418
0,224
0,396
0,223
0,379
0,222
0,350
0,221
0,353
0,220
0,445
0,219
0,403
0,218
0,329
0,217
0,435
0,216
0,434
0,215
0,417
0,214
0,444
0,213
0,410
0,212
0,320
0,211
0,390
0,210
0,346
0,209
0,208
0,344
0,207
0,355
0,206
0,371
0,205
0,326
0,204
0,318
0,203
0,317
0,202
0,315
0,201
0,333
0,200
0,414
0,199
0,428
0,198
0,313
0,197
0,426
0,196
0,372
0,195
0,312
0,194
0,330
0,193
0,367
0,192
0,314
0,63
0,373
0,62
0,366
0,61
0,423
0,60
0,340
0,59
0,58
0,365
0,57
0,311
0,56
0,401
0,55
0,421
0,54
0,358
0,53
0,438
0,52
0,419
0,51
0,335
0,50
0,398
0,49
0,440
0,48
0,397
0,47
0,309
0,46
0,399
0,45
0,339
0,6
0,5
0,1
0,11
0,4
0,2
0,3
0,7
